0 321 509 806 856 199 313 954 1005 294 195 366
321 0 620 695 535 520 336 633 684 611 156 255
509 620 0 1315 1059 446 284 1009 892 803 704 875
806 695 1315 0 344 869 1031 442 493 802 611 440
856 535 1059 344 0 1055 775 98 203 1146 691 550
199 520 446 869 1055 0 512 1153 1204 357 364 505
313 336 284 1031 775 512 0 725 692 603 420 591
954 633 1009 442 98 1153 725 0 153 1244 789 648
1005 684 892 493 203 1204 692 153 0 1295 840 699
294 611 803 802 1146 357 603 1244 1295 0 455 596
195 156 704 611 691 364 420 789 840 455 0 171
366 255 875 440 550 505 591 648 699 596 171 0
