0 558 598 327 273 527 591 820 599 901 74 588
558 0 378 757 285 451 371 496 931 681 632 368
598 378 0 397 493 829 355 622 571 655 592 62
327 757 397 0 472 726 752 1019 272 1052 321 459
273 285 493 472 0 336 486 611 646 796 347 483
527 451 829 726 336 0 822 947 900 1132 601 819
591 371 355 752 486 822 0 267 926 310 627 293
820 496 622 1019 611 947 267 0 1193 185 894 560
599 931 571 272 646 900 926 1193 0 1226 593 633
901 681 655 1052 796 1132 310 185 1226 0 927 593
74 632 592 321 347 601 627 894 593 927 0 582
588 368 62 459 483 819 293 560 633 593 582 0
