0 1108 703 949 200 511 1106 563 339 464 77 1077
1108 0 871 159 1308 929 442 545 769 882 1031 835
703 871 0 754 903 430 429 958 534 455 626 374
949 159 754 0 1149 812 325 386 610 765 872 718
200 1308 903 1149 0 657 1306 763 539 610 277 1277
511 929 430 812 657 0 833 1016 592 47 436 804
1106 442 429 325 1306 833 0 543 767 858 1029 393
563 545 958 386 763 1016 543 0 424 969 580 922
339 769 534 610 539 592 767 424 0 545 262 738
464 882 455 765 610 47 858 969 545 0 389 829
77 1031 626 872 277 436 1029 580 262 389 0 1000
1077 835 374 718 1277 804 393 922 738 829 1000 0
