0 971 662 714 684 700 742 475 100 293 791 748
971 0 309 303 1655 687 867 1158 871 1194 180 319
662 309 0 358 1346 632 810 849 562 885 153 374
714 303 358 0 1398 990 610 901 614 937 205 34
684 1655 1346 1398 0 1096 788 497 784 461 1475 1432
700 687 632 990 1096 0 1442 1175 652 993 785 1006
742 867 810 610 788 1442 0 291 790 449 687 644
475 1158 849 901 497 1175 291 0 523 182 978 935
100 871 562 614 784 652 790 523 0 341 691 648
293 1194 885 937 461 993 449 182 341 0 1014 971
791 180 153 205 1475 785 687 978 691 1014 0 221
748 319 374 34 1432 1006 644 935 648 971 221 0
