0 1260 1154 852 1075 786 1065 888 1597 1350 682 1094
1260 0 710 754 847 474 195 736 371 90 578 872
1154 710 0 302 137 572 733 1446 443 626 472 162
852 754 302 0 223 616 777 1490 745 670 310 242
1075 847 137 223 0 709 870 1583 522 763 403 25
786 474 572 616 709 0 279 874 811 564 306 734
1065 195 733 777 870 279 0 713 532 285 467 895
888 736 1446 1490 1583 874 713 0 1107 820 1180 1608
1597 371 443 745 522 811 532 1107 0 287 915 503
1350 90 626 670 763 564 285 820 287 0 668 788
682 578 472 310 403 306 467 1180 915 668 0 428
1094 872 162 242 25 734 895 1608 503 788 428 0
