0 274 285 392 618 721 221 478 420 754 377 273
274 0 559 226 398 501 441 752 694 724 597 493
285 559 0 423 649 752 414 193 263 785 346 242
392 226 423 0 226 329 613 526 686 498 769 665
618 398 649 226 0 103 839 730 912 620 995 891
721 501 752 329 103 0 942 833 1015 597 1098 994
221 441 414 613 839 942 0 607 549 975 258 182
478 752 193 526 730 833 607 0 182 866 349 425
420 694 263 686 912 1015 549 182 0 1048 291 367
754 724 785 498 620 597 975 866 1048 0 1131 1027
377 597 346 769 995 1098 258 349 291 1131 0 104
273 493 242 665 891 994 182 425 367 1027 104 0
