0 1009 774 152 161 394 912 254 728 1156 706 530
1009 0 351 1161 1170 641 475 1019 439 575 303 479
774 351 0 926 935 406 138 784 88 926 398 244
152 1161 926 0 181 542 1064 142 880 1308 858 682
161 1170 935 181 0 529 1073 287 889 1317 867 691
394 641 406 542 529 0 544 648 360 926 398 162
912 475 138 1064 1073 544 0 922 184 1050 522 382
254 1019 784 142 287 648 922 0 738 1166 716 718
728 439 88 880 889 360 184 738 0 1014 486 198
1156 575 926 1308 1317 926 1050 1166 1014 0 528 996
706 303 398 858 867 398 522 716 486 528 0 468
530 479 244 682 691 162 382 718 198 996 468 0
