0 1416 970 336 161 449 546 1143 963 772 959 262
1416 0 446 1554 1405 967 942 273 453 1142 457 1580
970 446 0 1108 959 521 764 249 563 696 383 1134
336 1554 1108 0 175 587 882 1281 1101 436 1097 74
161 1405 959 175 0 438 707 1132 952 611 948 175
449 967 521 587 438 0 835 694 514 483 510 613
546 942 764 882 707 835 0 1013 1327 1318 1147 808
1143 273 249 1281 1132 694 1013 0 314 869 184 1307
963 453 563 1101 952 514 1327 314 0 689 180 1127
772 1142 696 436 611 483 1318 869 689 0 685 510
959 457 383 1097 948 510 1147 184 180 685 0 1123
262 1580 1134 74 175 613 808 1307 1127 510 1123 0
