0 756 646 777 657 767 1136 965 512 845 759 837 299 894 948 650 569 1068 869 332
756 0 234 99 332 662 384 575 578 590 435 173 494 344 210 109 658 319 556 470
646 234 0 325 477 802 575 417 648 763 230 404 350 566 432 217 738 460 365 318
777 99 325 0 262 583 365 673 530 500 534 80 540 246 172 141 602 344 655 520
657 332 477 262 0 333 589 882 280 288 707 263 512 243 402 268 343 601 841 507
767 662 802 583 333 0 850 1213 255 146 1031 559 744 440 688 600 208 901 1167 752
1136 384 575 365 589 850 0 732 869 725 695 328 878 410 194 486 927 161 768 852
965 575 417 673 882 1213 732 0 1064 1159 212 737 679 913 691 614 1155 572 106 647
512 578 648 530 280 255 869 1064 0 342 865 543 510 502 681 486 92 874 1002 523
845 590 763 500 288 146 725 1159 342 0 992 460 771 316 578 549 327 792 1125 772
759 435 230 534 707 1031 695 212 865 992 0 608 469 779 599 444 956 547 137 437
837 173 404 80 263 559 328 737 543 460 608 0 612 176 139 218 606 343 725 593
299 494 350 540 512 744 878 679 510 771 469 612 0 715 701 401 596 790 589 33
894 344 566 246 243 440 410 913 502 316 779 176 715 0 267 358 542 480 900 702
948 210 432 172 402 688 194 691 681 578 599 139 701 267 0 302 744 214 699 678
650 109 217 141 268 600 486 614 486 549 444 218 401 358 302 0 569 428 576 379
569 658 738 602 343 208 927 1155 92 327 956 606 596 542 744 569 0 943 1093 611
1068 319 460 344 601 901 161 572 874 792 547 343 790 480 214 428 943 0 610 762
869 556 365 655 841 1167 768 106 1002 1125 137 725 589 900 699 576 1093 610 0 557
332 470 318 520 507 752 852 647 523 772 437 593 33 702 678 379 611 762 557 0
