0 652 574 430 345 928 451 704 818 201 785 573 240 157 636 107 349 449 302 360
652 0 369 658 317 441 721 658 521 845 232 352 580 505 170 575 444 500 417 450
574 369 0 349 299 372 408 291 252 770 601 18 379 493 509 468 584 692 517 598
430 658 349 0 407 702 63 303 507 576 874 361 197 455 747 344 645 767 571 660
345 317 299 407 0 604 464 541 547 545 492 289 277 217 352 260 288 403 219 303
928 441 372 702 604 0 755 504 240 1129 612 367 750 820 609 826 844 924 795 854
451 721 408 63 464 755 0 327 552 579 936 421 233 495 807 375 691 813 618 706
704 658 291 303 541 504 327 0 268 870 890 308 465 681 799 603 826 944 753 841
818 521 252 507 547 240 552 268 0 1009 738 259 603 744 687 711 827 929 764 840
201 845 770 576 545 1129 579 870 1009 0 957 770 411 340 809 303 484 553 460 491
785 232 601 874 492 612 936 890 738 957 0 583 769 628 149 729 489 487 498 488
573 352 18 361 289 367 421 308 259 770 583 0 383 487 492 467 573 680 507 586
240 580 379 197 277 750 233 465 603 411 769 383 0 262 628 147 462 583 391 477
157 505 493 455 217 820 495 681 744 340 628 487 262 0 479 135 212 328 152 226
636 170 509 747 352 609 807 799 687 809 149 492 628 479 0 582 350 370 351 351
107 575 468 344 260 826 375 603 711 303 729 467 147 135 582 0 346 462 283 360
349 444 584 645 288 844 691 826 827 484 489 573 462 212 350 346 0 123 74 15
449 500 692 767 403 924 813 944 929 553 487 680 583 328 370 462 123 0 197 107
302 417 517 571 219 795 618 753 764 460 498 507 391 152 351 283 74 197 0 90
360 450 598 660 303 854 706 841 840 491 488 586 477 226 351 360 15 107 90 0
