0 616 454 470 335 394 467 1083 667 950 251 712 110 436 484 421 829 872 280 421
616 0 461 651 630 443 574 587 173 547 377 699 544 215 350 321 688 318 350 556
454 461 0 193 227 622 114 688 381 526 284 298 344 269 620 546 381 553 272 107
470 651 193 0 139 742 81 836 573 658 399 259 375 448 766 690 407 735 401 97
335 630 227 139 0 641 166 913 590 746 313 395 248 416 682 606 534 774 325 132
394 443 622 742 641 0 699 1025 585 955 345 919 412 410 124 123 980 761 351 657
467 574 114 81 166 699 0 764 492 590 354 245 363 377 712 636 371 655 350 47
1083 587 688 836 913 1025 764 0 443 189 838 680 980 663 937 903 542 275 809 784
667 173 381 573 590 585 492 443 0 378 416 566 575 232 508 465 530 205 387 487
950 547 526 658 746 955 590 189 378 0 718 490 843 560 886 838 354 297 691 615
251 377 284 399 313 345 354 838 416 718 0 580 167 185 370 293 658 621 30 312
712 699 298 259 395 919 245 680 566 490 580 0 608 546 913 841 164 665 570 292
110 544 344 375 248 412 363 980 575 843 167 608 0 348 477 406 720 779 195 316
436 215 269 448 416 410 377 663 232 560 185 546 348 0 374 308 579 436 156 352
484 350 620 766 682 124 712 937 508 886 370 913 477 374 0 76 953 667 365 674
421 321 546 690 606 123 636 903 465 838 293 841 406 308 76 0 886 638 288 598
829 688 381 407 534 980 371 542 530 354 658 164 720 579 953 886 0 580 642 415
872 318 553 735 774 761 655 275 205 297 621 665 779 436 667 638 580 0 592 660
280 350 272 401 325 351 350 809 387 691 30 570 195 156 365 288 642 592 0 311
421 556 107 97 132 657 47 784 487 615 312 292 316 352 674 598 415 660 311 0
