0 457 957 583 508 126 110 825 558 957 905 977 927 233 417 720 924 429 693 581 464 633
457 0 744 730 491 524 395 630 146 660 469 792 832 563 233 699 687 163 298 296 505 551
957 744 0 624 471 913 979 132 614 187 590 68 237 846 578 367 68 615 504 450 531 345
583 730 624 0 268 473 668 523 705 736 949 603 467 365 504 260 634 576 733 564 231 321
508 491 471 268 0 446 555 344 444 528 684 479 421 375 258 228 455 330 466 297 63 129
126 524 913 473 446 0 234 782 600 937 942 925 855 111 425 640 888 456 718 583 393 575
110 395 979 668 555 234 0 848 515 958 859 1006 975 335 412 778 940 405 660 571 521 674
825 630 132 523 344 782 848 0 508 217 550 164 242 718 450 282 113 492 419 334 405 222
558 146 614 705 444 600 515 508 0 517 347 666 727 614 210 624 553 150 153 181 474 471
957 660 187 736 528 937 958 217 517 0 415 254 418 890 546 499 128 562 380 390 591 422
905 469 590 949 684 942 859 550 347 415 0 657 791 943 525 784 522 485 229 394 735 647
977 792 68 603 479 925 1006 164 666 254 657 0 181 851 613 343 135 656 563 496 535 350
927 832 237 467 421 855 975 242 727 418 791 181 0 767 621 219 289 678 655 546 464 303
233 563 846 365 375 111 335 718 614 890 943 851 767 0 418 549 828 465 715 564 316 502
417 233 578 504 258 425 412 450 210 546 525 613 621 418 0 470 533 72 297 164 275 326
720 699 367 260 228 640 778 282 624 499 784 343 219 549 470 0 385 537 598 449 257 153
924 687 68 634 455 888 940 113 553 128 522 135 289 828 533 385 0 564 438 396 517 335
429 163 615 576 330 456 405 492 150 562 485 656 678 465 72 537 564 0 265 173 347 390
693 298 504 733 466 718 660 419 153 380 229 563 655 715 297 598 438 265 0 170 512 450
581 296 450 564 297 583 571 334 181 390 394 496 546 564 164 449 396 173 170 0 342 296
464 505 531 231 63 393 521 405 474 591 735 535 464 316 275 257 517 347 512 342 0 186
633 551 345 321 129 575 674 222 471 422 647 350 303 502 326 153 335 390 450 296 186 0
