0 840 551 355 319 602 508 540 514 372 221 117 239 338 689 698 629 266 154 444
840 0 293 571 536 333 704 302 537 571 990 752 900 517 347 195 230 579 715 428
551 293 0 291 266 233 473 64 382 345 698 472 611 225 252 161 84 297 436 198
355 571 291 0 265 468 238 320 515 396 435 335 332 115 342 393 342 231 320 332
319 536 266 265 0 285 502 235 258 131 511 218 461 155 477 426 350 60 180 126
602 333 233 468 285 0 684 172 204 262 795 493 737 363 475 337 277 343 453 160
508 704 473 238 502 684 0 520 752 633 482 532 359 351 382 510 490 465 528 563
540 302 64 320 235 172 520 0 320 295 703 450 625 234 315 208 133 277 413 145
514 537 382 515 258 204 752 320 0 146 730 397 703 401 634 520 450 311 361 199
372 571 345 396 131 262 633 295 146 0 585 255 558 285 582 502 425 174 217 150
221 990 698 435 511 795 482 703 730 585 0 336 123 473 771 823 764 452 370 635
117 752 472 335 218 493 532 450 397 255 336 0 333 281 643 627 553 174 40 340
239 900 611 332 461 737 359 625 703 558 123 333 0 391 660 725 671 402 357 578
338 517 225 115 155 363 351 234 401 285 473 281 391 0 362 361 295 134 255 219
689 347 252 342 477 475 382 315 634 582 771 643 660 362 0 166 199 485 616 444
698 195 161 393 426 337 510 208 520 502 823 627 725 361 166 0 77 454 593 353
629 230 84 342 350 277 490 133 450 425 764 553 671 295 199 77 0 379 519 277
266 579 297 231 60 343 465 277 311 174 452 174 402 134 485 454 379 0 139 183
154 715 436 320 180 453 528 413 361 217 370 40 357 255 616 593 519 139 0 300
444 428 198 332 126 160 563 145 199 150 635 340 578 219 444 353 277 183 300 0
