0 444 1036 1052 943 423 741 723 912 29 737 787 467 510 1063 752 829 141 278 39 793 1066
444 0 592 608 500 432 430 333 517 473 389 661 28 147 620 350 403 304 271 481 450 631
1036 592 0 29 93 911 541 432 381 1065 475 880 569 556 85 394 260 896 831 1073 478 141
1052 608 29 0 112 915 569 432 368 1080 502 908 585 577 58 394 286 912 842 1088 506 163
943 500 93 112 0 829 473 363 350 972 404 816 476 465 145 327 185 803 741 980 416 176
423 432 911 915 829 0 861 493 647 437 820 1048 458 576 903 531 799 389 204 431 882 993
741 430 541 569 473 861 0 617 732 766 73 343 405 285 616 606 289 616 682 780 72 475
723 333 432 432 363 493 617 0 190 750 549 927 329 416 413 39 410 599 465 754 597 538
912 517 381 368 350 647 732 190 0 939 660 1063 510 580 327 168 474 789 649 942 697 514
29 473 1065 1080 972 437 766 750 939 0 764 804 496 538 1091 780 858 170 301 15 819 1094
737 389 475 502 404 820 73 549 660 764 0 415 362 251 547 536 219 605 651 776 62 419
787 661 880 908 816 1048 343 927 1063 804 415 0 646 526 957 922 632 706 847 819 402 798
467 28 569 585 476 458 405 329 510 496 362 646 0 125 599 343 376 327 299 504 423 605
510 147 556 577 465 576 285 416 580 538 251 526 125 0 602 420 324 372 400 549 312 562
1063 620 85 58 145 903 616 413 327 1091 547 957 599 602 0 374 329 924 842 1099 555 221
752 350 394 394 327 531 606 39 168 780 536 922 343 420 374 0 385 625 498 784 581 502
829 403 260 286 185 799 289 410 474 858 219 632 376 324 329 385 0 689 670 868 235 239
141 304 896 912 803 389 616 599 789 170 605 706 327 372 924 625 689 0 197 179 663 925
278 271 831 842 741 204 682 465 649 301 651 847 299 400 842 498 670 197 0 301 712 889
39 481 1073 1088 980 431 780 754 942 15 776 819 504 549 1099 784 868 179 301 0 832 1104
793 450 478 506 416 882 72 597 697 819 62 402 423 312 555 581 235 663 712 832 0 405
1066 631 141 163 176 993 475 538 514 1094 419 798 605 562 221 502 239 925 889 1104 405 0
