0 367 841 812 294 522 210 751 368 406 120 724 1008 966 969 318 854 738
367 0 477 691 257 195 194 422 142 285 287 684 788 853 893 323 502 640
841 477 0 870 688 339 645 210 500 648 764 952 793 1002 1077 743 266 861
812 691 870 0 532 831 809 977 832 433 698 172 292 163 211 494 645 80
294 257 688 532 0 451 289 672 367 112 174 474 714 691 708 67 623 463
522 195 339 831 451 0 316 232 163 464 467 851 870 988 1040 517 462 791
210 194 645 809 289 316 0 542 158 376 193 763 950 971 995 348 696 745
751 422 210 977 672 232 542 0 384 667 699 1027 951 1123 1188 736 450 951
368 142 500 832 367 163 158 384 0 418 331 819 925 994 1033 434 590 780
406 285 648 433 112 464 376 667 418 0 286 401 602 595 621 119 544 370
120 287 764 698 174 467 193 699 331 286 0 620 888 854 863 204 750 626
724 684 952 172 474 851 763 1027 819 401 620 0 464 267 247 420 755 114
1008 788 793 292 714 870 950 951 925 602 888 464 0 297 394 699 530 360
966 853 1002 163 691 988 971 1123 994 595 854 267 297 0 97 650 759 229
969 893 1077 211 708 1040 995 1188 1033 621 863 247 394 97 0 660 842 253
318 323 743 494 67 517 348 736 434 119 204 420 699 650 660 0 659 421
854 502 266 645 623 462 696 450 590 544 750 755 530 759 842 659 0 651
738 640 861 80 463 791 745 951 780 370 626 114 360 229 253 421 651 0
