0 778 265 773 621 903 336 836 754 915 709 573 712 712 824 765 744 658 595 858 515 802
778 0 658 102 179 782 488 733 1017 138 735 222 964 72 314 448 421 516 277 450 649 145
265 658 0 688 481 638 381 571 538 793 445 504 488 586 614 524 508 404 571 622 250 638
773 102 688 0 234 876 460 824 1087 174 816 200 1033 142 416 542 515 599 214 551 712 247
621 179 481 234 0 668 374 611 854 311 588 159 800 107 278 348 318 375 262 388 479 185
903 782 638 876 668 0 898 69 430 847 202 814 404 734 489 334 361 307 920 360 389 652
336 488 381 460 374 898 0 830 910 620 745 267 858 435 637 648 620 597 263 720 561 556
836 733 571 824 611 69 830 0 409 806 144 753 376 682 451 289 313 243 859 330 322 608
754 1017 538 1087 854 430 910 409 0 1122 309 952 54 951 800 635 646 515 1045 709 379 924
915 138 793 174 311 847 620 806 1122 0 828 353 1070 207 359 517 495 610 387 494 764 200
709 735 445 816 588 202 745 144 309 828 0 712 265 675 494 327 341 220 814 401 197 629
573 222 504 200 159 814 267 753 952 353 712 0 898 177 433 503 473 511 106 547 573 311
712 964 488 1033 800 404 858 376 54 1070 265 898 0 898 752 588 598 465 990 665 325 873
712 72 586 142 107 734 435 682 951 207 675 177 898 0 289 402 374 457 254 419 580 139
824 314 614 416 278 489 637 451 800 359 494 433 752 289 0 168 154 291 531 138 486 171
765 448 524 542 348 334 648 289 635 517 327 503 588 402 168 0 30 140 609 99 347 319
744 421 508 515 318 361 620 313 646 495 341 473 598 374 154 30 0 140 578 114 343 296
658 516 404 599 375 307 597 243 515 610 220 511 465 457 291 140 140 0 616 236 207 411
595 277 571 214 262 920 263 859 1045 387 814 106 990 254 531 609 578 616 0 649 667 393
858 450 622 551 388 360 720 330 709 494 401 547 665 419 138 99 114 236 649 0 444 309
515 649 250 712 479 389 561 322 379 764 197 573 325 580 486 347 343 207 667 444 0 574
802 145 638 247 185 652 556 608 924 200 629 311 873 139 171 319 296 411 393 309 574 0
