0 822 324 300 822 317 438 711 723 232 319 472 441 252 563 451 432 690
822 0 1059 777 674 505 547 244 364 978 687 357 872 1056 786 480 647 323
324 1059 0 308 838 576 554 997 1027 93 642 704 738 142 879 762 756 844
300 777 308 0 557 351 248 758 816 256 549 437 720 370 809 583 644 539
822 674 838 557 0 648 399 826 940 808 945 567 1155 925 1173 846 991 361
317 505 576 351 648 0 262 421 467 489 298 158 510 554 531 240 350 410
438 547 554 248 399 262 0 577 662 492 552 249 758 596 793 490 611 291
711 244 997 758 826 421 577 0 125 907 500 330 659 961 553 289 435 467
723 364 1027 816 940 467 662 125 0 935 466 413 592 975 463 273 378 585
232 978 93 256 808 489 492 907 935 0 551 622 655 118 791 669 664 780
319 687 642 549 945 298 552 500 466 551 0 421 213 554 260 212 115 691
472 357 704 437 567 158 249 330 413 622 421 0 633 699 616 281 438 271
441 872 738 720 1155 510 758 659 592 655 213 633 0 620 179 393 225 903
252 1056 142 370 925 554 596 961 975 118 554 699 620 0 773 703 669 879
563 786 879 809 1173 531 793 553 463 791 260 616 179 773 0 340 182 881
451 480 762 583 846 240 490 289 273 669 212 281 393 703 340 0 173 541
432 647 756 644 991 350 611 435 378 664 115 438 225 669 182 173 0 706
690 323 844 539 361 410 291 467 585 780 691 271 903 879 881 541 706 0
