0 438 510 572 70 902 247 624 576 221 170 641 146 441 762 525 260 358
438 0 363 269 438 718 634 936 227 656 606 543 455 584 348 848 605 190
510 363 0 174 460 402 757 722 585 663 657 181 415 324 643 658 503 510
572 269 174 0 539 451 809 887 463 760 736 319 515 492 483 817 633 451
70 438 460 539 0 846 304 570 599 225 199 581 76 371 776 471 204 389
902 718 402 451 846 0 1149 915 910 1026 1036 271 788 576 889 889 833 892
247 634 757 809 304 1149 0 724 710 222 149 885 371 656 916 629 411 496
624 936 722 887 570 915 724 0 1139 502 581 688 512 398 1282 99 366 947
576 227 585 463 599 910 710 1139 0 794 727 762 636 805 210 1046 790 220
221 656 663 760 225 1026 222 502 794 0 84 756 249 482 983 407 214 575
170 606 657 736 199 1036 149 581 727 84 0 767 248 516 922 484 263 507
641 543 181 319 581 271 885 688 762 756 767 0 520 315 802 646 564 689
146 455 415 515 76 788 371 512 636 249 248 520 0 295 800 416 154 436
441 584 324 492 371 576 656 398 805 482 516 315 295 0 917 339 271 651
762 348 643 483 776 889 916 1282 210 983 922 802 800 917 0 1195 952 421
525 848 658 817 471 889 629 99 1046 407 484 646 416 339 1195 0 267 851
260 605 503 633 204 833 411 366 790 214 263 564 154 271 952 267 0 588
358 190 510 451 389 892 496 947 220 575 507 689 436 651 421 851 588 0
