0 433 580 489 329 420 462 276 441 151 84 780 95 297 249 331 559 239 749 398
433 0 680 884 727 479 207 189 822 583 351 936 343 581 405 364 295 612 887 585
580 680 0 570 515 969 504 686 504 603 559 257 604 320 348 328 496 448 207 190
489 884 570 0 161 867 825 758 71 363 552 597 581 338 509 599 887 272 603 433
329 727 515 161 0 718 683 598 116 212 391 612 420 221 370 467 753 120 603 344
420 479 969 867 718 0 650 326 834 506 414 1191 368 715 621 662 754 652 1155 802
462 207 504 825 683 650 0 325 756 595 381 761 398 492 316 232 107 563 709 452
276 189 686 758 598 326 325 0 704 424 206 928 181 500 352 361 431 492 886 546
441 822 504 71 116 834 756 704 0 328 498 551 530 268 441 529 816 212 552 362
151 583 603 363 212 506 595 424 328 0 232 763 244 286 328 426 686 172 742 414
84 351 559 552 391 414 381 206 498 232 0 777 46 312 212 276 481 287 742 388
780 936 257 597 612 1191 761 928 551 763 777 0 823 487 578 578 746 591 55 389
95 343 604 581 420 368 398 181 530 244 46 823 0 356 257 315 502 322 788 434
297 581 320 338 221 715 492 500 268 286 312 487 356 0 180 262 548 129 461 133
249 405 348 509 370 621 316 352 441 328 212 578 257 180 0 101 384 252 539 194
331 364 328 599 467 662 232 361 529 426 276 578 315 262 101 0 288 350 532 225
559 295 496 887 753 754 107 431 816 686 481 746 502 548 384 288 0 636 692 484
239 612 448 272 120 652 563 492 212 172 287 591 322 129 252 350 636 0 572 262
749 887 207 603 603 1155 709 886 552 742 742 55 788 461 539 532 692 572 0 354
398 585 190 433 344 802 452 546 362 414 388 389 434 133 194 225 484 262 354 0
