0 180 821 253 412 499 644 455 202 325 206 463 541 581 539 665 164 356 107 425
180 0 872 376 589 498 664 606 343 157 241 331 694 552 474 805 344 534 102 585
821 872 0 588 932 400 233 558 968 1002 637 758 562 418 546 479 825 770 792 614
253 376 588 0 416 347 446 238 381 532 172 506 327 450 468 430 241 275 274 234
412 589 932 416 0 763 844 380 289 717 535 858 413 867 875 555 249 162 515 322
499 498 400 347 763 0 172 491 686 612 293 364 554 106 183 575 570 616 437 522
644 664 233 446 844 172 0 513 816 783 444 525 554 188 315 530 685 686 595 558
455 606 558 238 380 491 513 0 504 762 409 733 89 596 652 215 359 224 503 58
202 343 968 381 289 686 816 504 0 445 399 658 575 774 741 717 148 319 304 455
325 157 1002 532 717 612 783 762 445 0 388 351 850 646 546 962 482 680 259 740
206 241 637 172 535 293 444 409 399 388 0 339 496 375 348 588 303 420 154 405
463 331 758 506 858 364 525 733 658 351 339 0 816 349 225 882 612 757 356 738
541 694 562 327 413 554 554 89 575 850 496 816 0 657 724 146 435 272 592 120
581 552 418 450 867 106 188 596 774 646 375 349 657 0 129 667 665 721 506 627
539 474 546 468 875 183 315 652 741 546 348 225 724 129 0 756 652 743 449 675
665 805 479 430 555 575 530 215 717 962 588 882 146 667 756 0 574 418 703 262
164 344 825 241 249 570 685 359 148 482 303 612 435 665 652 574 0 204 266 315
356 534 770 275 162 616 686 224 319 680 420 757 272 721 743 418 204 0 443 166
107 102 792 274 515 437 595 503 304 259 154 356 592 506 449 703 266 443 0 484
425 585 614 234 322 522 558 58 455 740 405 738 120 627 675 262 315 166 484 0
