0 244 298 729 453 274 403 473 677 703 327 320 413 615 426 658 331 282
244 0 267 750 686 439 341 367 531 483 436 336 356 380 590 629 113 526
298 267 0 485 589 278 105 183 394 499 612 78 115 459 395 377 235 512
729 750 485 0 744 513 417 439 494 764 1055 425 402 805 458 173 695 811
453 686 589 744 0 316 664 755 960 1084 611 543 664 1025 287 779 748 221
274 439 278 513 316 0 349 440 645 776 573 227 349 730 155 498 470 302
403 341 105 417 664 349 0 91 300 450 714 122 15 438 438 287 278 608
473 367 183 439 755 440 91 0 212 369 771 213 93 376 525 285 280 694
677 531 394 494 960 645 300 212 0 282 959 420 297 362 713 323 424 905
703 483 499 764 1084 776 450 369 282 0 910 559 457 132 885 592 376 974
327 436 612 1055 611 573 714 771 959 910 0 644 726 793 708 982 549 390
320 336 78 425 543 227 122 213 420 559 644 0 123 530 326 338 312 494
413 356 115 402 664 349 15 93 297 457 726 123 0 449 433 273 293 613
615 380 459 805 1025 730 438 376 362 132 793 530 449 0 854 638 284 894
426 590 395 458 287 155 438 525 713 885 708 326 433 854 0 497 610 378
658 629 377 173 779 498 287 285 323 592 982 338 273 638 497 0 557 798
331 113 235 695 748 470 278 280 424 376 549 312 293 284 610 557 0 609
282 526 512 811 221 302 608 694 905 974 390 494 613 894 378 798 609 0
