0 409 703 469 798 303 526 204 494 638 164 734 509 637 363 640 588 577
409 0 524 248 400 444 644 313 127 467 308 380 378 465 49 234 295 503
703 524 0 772 722 906 437 499 417 66 540 809 194 67 546 505 795 172
469 248 772 0 407 326 854 479 362 716 453 288 623 714 236 378 125 745
798 400 722 407 0 730 996 711 383 693 708 165 668 690 440 228 303 787
303 444 906 326 730 0 819 450 569 841 406 612 719 840 400 657 445 817
526 644 437 854 996 819 0 385 614 402 424 1019 346 405 630 772 933 269
204 313 499 479 711 450 385 0 351 434 45 688 305 433 282 516 574 378
494 127 417 362 383 569 614 351 0 367 362 416 302 364 169 167 378 428
638 467 66 716 693 841 402 434 367 0 475 769 128 3 487 470 745 134
164 308 540 453 708 406 424 45 362 475 0 675 347 474 271 522 553 423
734 380 809 288 165 612 1019 688 416 769 675 0 718 766 406 307 167 843
509 378 194 623 668 719 346 305 302 128 347 718 0 128 388 440 668 127
637 465 67 714 690 840 405 433 364 3 474 766 128 0 485 468 742 136
363 49 546 236 440 400 630 282 169 487 271 406 388 485 0 283 303 509
640 234 505 378 228 657 772 516 167 470 522 307 440 468 283 0 338 560
588 295 795 125 303 445 933 574 378 745 553 167 668 742 303 338 0 794
577 503 172 745 787 817 269 378 428 134 423 843 127 136 509 560 794 0
