0 123 443 278 325 351 413 409 330 356 711 446 405 192 783 321 103 245 470 567 411 132
123 0 398 374 205 276 299 384 210 317 712 327 346 259 734 249 210 367 354 546 532 209
443 398 0 447 458 147 308 72 343 87 358 537 67 342 340 162 428 569 574 169 678 573
278 374 447 0 574 445 586 381 534 377 565 696 451 133 740 421 176 162 725 488 231 357
325 205 458 574 0 311 206 476 121 402 811 123 392 450 755 299 415 570 152 627 736 370
351 276 147 445 311 0 177 176 196 108 503 392 81 317 464 30 369 530 429 316 666 473
413 299 308 586 206 177 0 351 98 285 664 241 242 453 562 186 469 637 277 474 790 506
409 384 72 381 476 176 351 0 368 74 337 566 114 285 380 179 380 510 603 163 612 541
330 210 343 534 121 196 98 368 0 296 699 198 276 402 634 189 398 565 235 512 724 413
356 317 87 377 402 108 285 74 296 0 410 494 74 263 427 107 343 488 531 232 606 487
711 712 358 565 811 503 664 337 699 410 0 894 425 539 303 512 651 726 932 190 761 839
446 327 537 696 123 392 241 566 198 494 894 0 469 570 801 387 537 691 37 706 857 479
405 346 67 451 392 81 242 114 276 74 425 469 0 333 389 100 405 557 506 237 679 533
192 259 342 133 450 317 453 285 402 263 539 570 333 0 662 291 113 226 601 421 349 307
783 734 340 740 755 464 562 380 634 427 303 801 389 662 0 487 760 884 836 255 965 914
321 249 162 421 299 30 186 179 189 107 512 387 100 291 487 0 340 502 424 328 640 444
103 210 428 176 415 369 469 380 398 343 651 537 405 113 760 340 0 168 564 526 326 197
245 367 569 162 570 530 637 510 565 488 726 691 557 226 884 502 168 0 715 636 167 260
470 354 574 725 152 429 277 603 235 531 932 37 506 601 836 424 564 715 0 743 881 495
567 546 169 488 627 316 474 163 512 232 190 706 237 421 255 328 526 636 743 0 710 698
411 532 678 231 736 666 790 612 724 606 761 857 679 349 965 640 326 167 881 710 0 419
132 209 573 357 370 473 506 541 413 487 839 479 533 307 914 444 197 260 495 698 419 0
