0 729 1107 310 410 732 506 860 878 820 577 822 682 618 324 353 344 681 269 95 687 742
729 0 378 423 663 699 227 135 237 144 459 287 540 208 565 387 408 369 470 732 581 190
1107 378 0 799 1004 930 603 248 314 313 745 430 796 539 924 761 779 628 845 1109 837 440
310 423 799 0 428 583 197 552 570 510 353 524 549 351 293 46 57 473 48 332 572 469
410 663 1004 428 0 1007 518 791 884 798 779 881 325 467 135 462 485 412 433 325 314 568
732 699 930 583 1007 0 590 743 617 647 258 500 1100 801 873 555 528 975 575 811 1130 866
506 227 603 197 518 590 0 355 388 318 333 365 516 216 397 159 181 385 243 517 550 309
860 135 248 552 791 743 355 0 168 97 527 265 637 327 697 513 531 462 597 866 679 265
878 237 314 570 884 617 388 168 0 94 437 117 777 444 774 526 534 604 610 901 818 415
820 144 313 510 798 647 318 97 94 0 437 170 683 352 693 467 480 510 552 835 724 322
577 459 745 353 779 258 333 527 437 437 0 332 845 544 645 317 295 717 358 638 876 614
822 287 430 524 881 500 365 265 117 170 332 0 817 477 761 478 480 651 557 856 857 477
682 540 796 549 325 1100 516 637 777 683 845 817 0 340 359 560 592 175 581 617 42 373
618 208 539 351 467 801 216 327 444 352 544 477 340 0 387 334 365 181 398 597 380 124
324 565 924 293 135 873 397 697 774 693 645 761 359 387 0 328 350 385 299 259 363 502
353 387 761 46 462 555 159 513 526 467 317 478 560 334 328 0 33 470 85 378 586 447
344 408 779 57 485 528 181 531 534 480 295 480 592 365 350 33 0 503 78 377 617 477
681 369 628 473 412 975 385 462 604 510 717 651 175 181 385 470 503 0 514 635 217 198
269 470 845 48 433 575 243 597 610 552 358 557 581 398 299 85 78 514 0 300 602 517
95 732 1109 332 325 811 517 866 901 835 638 856 617 597 259 378 377 635 300 0 617 720
687 581 837 572 314 1130 550 679 818 724 876 857 42 380 363 586 617 217 602 617 0 415
742 190 440 469 568 866 309 265 415 322 614 477 373 124 502 447 477 198 517 720 415 0
