0 259 236 284 422 163 150 573 738 392 308 307 71 90 411 507 113 254
259 0 228 487 657 399 128 808 967 605 363 468 323 242 392 757 336 473
236 228 0 520 645 279 244 641 788 426 135 540 254 151 188 619 349 316
284 487 520 0 190 331 359 605 766 510 576 86 282 371 689 495 171 405
422 657 645 190 0 397 530 519 664 497 668 259 391 496 792 397 323 437
163 399 279 331 397 0 309 414 577 231 272 389 93 160 398 359 205 93
150 128 244 359 530 309 0 722 886 533 364 345 221 174 431 658 209 395
573 808 641 605 519 414 722 0 167 217 556 689 502 567 664 123 575 336
738 967 788 766 664 577 886 167 0 364 689 851 667 726 784 272 743 495
392 605 426 510 497 231 533 217 364 0 341 585 324 366 453 228 426 139
308 363 135 576 668 272 364 556 689 341 0 613 294 220 127 557 414 266
307 468 540 86 259 389 345 689 851 585 613 0 324 397 718 581 199 471
71 323 254 282 391 93 221 502 667 324 294 324 0 107 410 438 127 186
90 242 151 371 496 160 174 567 726 366 220 397 107 0 321 519 201 231
411 392 188 689 792 398 431 664 784 453 127 718 410 321 0 676 522 392
507 757 619 495 397 359 658 123 272 228 557 581 438 519 676 0 489 303
113 336 349 171 323 205 209 575 743 426 414 199 127 201 522 489 0 296
254 473 316 405 437 93 395 336 495 139 266 471 186 231 392 303 296 0
