0 413 396 246 120 323 369 157 271 547 511 468 786 733 270 419 250 378 794 447
413 0 167 375 493 616 646 564 614 211 144 503 375 354 585 76 652 431 509 221
396 167 0 456 503 669 530 552 645 155 141 629 433 346 489 241 646 279 674 66
246 375 456 0 217 248 614 311 270 574 514 225 730 729 515 335 366 567 592 522
120 493 503 217 0 208 445 94 151 649 606 414 868 830 342 482 163 496 806 558
323 616 669 248 208 0 641 252 87 802 749 323 977 969 539 582 233 701 796 730
369 646 530 614 445 641 0 391 562 668 671 837 961 853 103 689 445 289 1118 538
157 564 552 311 94 252 391 0 171 703 667 501 939 890 290 562 94 496 899 601
271 614 645 270 151 87 562 171 0 787 739 393 984 962 461 590 146 646 848 703
547 211 155 574 649 802 668 703 787 0 70 714 297 192 637 281 797 394 648 130
511 144 141 514 606 749 671 667 739 70 0 647 292 224 630 211 759 412 587 149
468 503 629 225 414 323 837 501 393 714 647 0 793 835 736 438 528 783 491 695
786 375 433 730 868 977 961 939 984 297 292 793 0 159 922 395 1027 691 522 426
733 354 346 729 830 969 853 890 962 192 224 835 159 0 827 402 983 571 647 318
270 585 489 515 342 539 103 290 461 637 630 736 922 827 0 619 350 293 1037 510
419 76 241 335 482 582 689 562 590 281 211 438 395 402 619 0 645 494 444 297
250 652 646 366 163 233 445 94 146 797 759 528 1027 983 350 645 0 583 958 695
378 431 279 567 496 701 289 496 646 394 412 783 691 571 293 494 583 0 938 266
794 509 674 592 806 796 1118 899 848 648 587 491 522 647 1037 444 958 938 0 718
447 221 66 522 558 730 538 601 703 130 149 695 426 318 510 297 695 266 718 0
