0 488 262 314 422 680 258 820 370 818 618 494 803 454 31 892 185 1043
488 0 227 209 274 193 624 537 443 333 204 6 488 405 516 418 349 650
262 227 0 115 237 418 434 625 315 559 383 233 594 369 290 631 138 810
314 209 115 0 332 397 415 695 430 517 304 215 656 260 345 626 243 848
422 274 237 332 0 391 648 401 187 551 478 276 380 592 440 538 238 625
680 193 418 397 391 0 812 492 578 160 219 187 432 545 708 233 531 517
258 624 434 415 648 812 0 1049 625 921 683 630 1023 389 262 1041 420 1244
820 537 625 695 401 492 1049 0 494 602 693 534 64 936 835 445 636 290
370 443 315 430 187 578 625 494 0 738 644 446 496 681 374 719 221 759
818 333 559 517 551 160 921 602 738 0 252 327 538 605 847 212 681 551
618 204 383 304 478 219 683 693 644 252 0 202 636 353 649 429 520 736
494 6 233 215 276 187 630 534 446 327 202 0 485 409 523 411 355 645
803 488 594 656 380 432 1023 64 496 538 636 485 0 891 819 383 618 266
454 405 369 260 592 545 389 936 681 605 353 409 891 0 482 773 473 1049
31 516 290 345 440 708 262 835 374 847 649 523 819 482 0 918 203 1062
892 418 631 626 538 233 1041 445 719 212 429 411 383 773 918 0 727 340
185 349 138 243 238 531 420 636 221 681 520 355 618 473 203 727 0 859
1043 650 810 848 625 517 1244 290 759 551 736 645 266 1049 1062 340 859 0
