0 388 23 334 752 809 500 182 162 501 298 570 345 358 449 332 485 447
388 0 369 650 954 554 727 547 516 113 330 614 703 612 826 705 612 593
23 369 0 357 772 803 519 191 167 482 299 580 354 378 462 344 499 462
334 650 357 0 450 881 214 369 387 757 376 445 457 111 455 407 314 277
752 954 772 450 0 919 252 818 834 1036 624 406 899 394 865 845 346 361
809 554 803 881 919 0 809 991 970 516 535 520 1154 783 1241 1135 630 647
500 727 519 214 252 809 0 574 587 819 402 304 671 142 662 621 180 165
182 547 191 369 818 991 574 0 36 658 471 714 163 439 279 157 610 569
162 516 167 387 834 970 587 36 0 626 458 712 189 450 313 190 612 572
501 113 482 757 1036 516 819 658 626 0 417 674 811 712 937 815 691 676
298 330 299 376 624 535 402 471 458 417 0 313 630 306 707 606 284 263
570 614 580 445 406 520 304 714 712 674 313 0 852 334 887 813 134 169
345 703 354 457 899 1154 671 163 189 811 630 852 0 549 147 56 738 697
358 612 378 111 394 783 142 439 450 712 306 334 549 0 561 503 203 165
449 826 462 455 865 1241 662 279 313 937 707 887 147 561 0 123 762 722
332 705 344 407 845 1135 621 157 190 815 606 813 56 503 123 0 695 655
485 612 499 314 346 630 180 610 612 691 284 134 738 203 762 695 0 41
447 593 462 277 361 647 165 569 572 676 263 169 697 165 722 655 41 0
